model = MLSEvolved
timestamp = 2026-07-06T01:23:05.614

L = 0.06
W = 0.01
c_l = 9046.59
c_s = 9046.59
c_0 = 13818.894485410185
rho0 = 1845.0
c_p = 361.8636
init_velocity_multiplier = 1.0
dr = 0.00025
h = 0.0007500000000000006
vol = 6.25e-8
m = 0.00011531249999999999
dt = 1.8091172218150077e-10
t_end = 3.0e-5
dt_plot = 7.5e-8
dt_frame = 3.0e-7
